eye_on_hand: false
robot_base_frame: panda_link0
tracking_base_frame: camera_base
transformation:
  pitch: 0.32117765639844126
  qw: 0.024024006048308143
  qx: 0.16059724932296351
  qy: -0.02400625162271905
  qz: -0.9864355379477746
  roll: 0.05807847712353446
  x: 1.5751255618818367
  y: 0.09100056881597385
  yaw: -3.083483219329227
  z: 0.6486937792679903
