eye_on_hand: true
robot_effector_frame: panda_link8
tracking_base_frame: realsense_link
transformation:
  pitch: -1.563844186046295
  qw: 0.2676449829498656
  qx: 0.6520762832993852
  qy: -0.267449217842098
  qz: 0.6569882797553364
  roll: -0.3482024436481727
  x: 0.022938977261424617
  y: -0.04925718426893216
  yaw: 2.713723394878007
  z: 0.05882856047291339
